(module STELVIO-4P-508-S (layer F.Cu) (tedit 5F69C237)
  (attr virtual)
  (fp_text reference REF** (at 3.81 0.254 90) (layer F.SilkS)
    (effects (font (size 1.27 1.27) (thickness 0.1016)))
  )
  (fp_text value STELVIO-4P-508-S (at -7.366 -4.826) (layer F.Fab)
    (effects (font (size 1.524 1.524) (thickness 0.15)))
  )
  (fp_line (start 2.54 3.9) (end -17.78 3.9) (layer F.SilkS) (width 0.15))
  (fp_line (start 2.54 -3.7) (end -17.8 -3.7) (layer F.SilkS) (width 0.15))
  (fp_line (start 2.54 3.9) (end 2.54 -3.7) (layer F.SilkS) (width 0.15))
  (fp_line (start -17.78 -3.556) (end -17.78 3.9) (layer F.SilkS) (width 0.15))
  (fp_line (start -17.8 3.9) (end -17.8 11.4) (layer F.Fab) (width 0.12))
  (fp_line (start -17.8 11.4) (end 2.54 11.4) (layer F.Fab) (width 0.12))
  (fp_line (start 2.54 11.4) (end 2.54 3.9) (layer F.Fab) (width 0.12))
  (fp_arc (start -15.24 0) (end -12.700001 -2.539999) (angle -90) (layer F.SilkS) (width 0.15))
  (fp_arc (start -10.159999 -0.000001) (end -7.62 -2.54) (angle -90) (layer F.SilkS) (width 0.15))
  (fp_arc (start -5.079999 -0.000001) (end -2.54 -2.54) (angle -90) (layer F.SilkS) (width 0.15))
  (fp_arc (start 0.000001 -0.000001) (end 2.54 -2.54) (angle -90) (layer F.SilkS) (width 0.15))
  (fp_line (start -17.78 3.302) (end 2.54 3.302) (layer F.SilkS) (width 0.15))
  (fp_line (start -17.78 3.302) (end 2.54 3.302) (layer F.Fab) (width 0.15))
  (fp_arc (start 0.000001 -0.000001) (end 2.54 -2.54) (angle -90) (layer F.Fab) (width 0.15))
  (fp_arc (start -5.079999 -0.000001) (end -2.54 -2.54) (angle -90) (layer F.Fab) (width 0.15))
  (fp_arc (start -10.159999 -0.000001) (end -7.62 -2.54) (angle -90) (layer F.Fab) (width 0.15))
  (fp_arc (start -15.24 0) (end -12.700001 -2.539999) (angle -90) (layer F.Fab) (width 0.15))
  (fp_line (start -17.78 -3.556) (end -17.78 3.9) (layer F.Fab) (width 0.15))
  (fp_line (start 2.54 3.9) (end 2.54 -3.7) (layer F.Fab) (width 0.15))
  (fp_line (start 2.54 -3.7) (end -17.8 -3.7) (layer F.Fab) (width 0.15))
  (fp_line (start 2.54 3.9) (end -17.78 3.9) (layer F.Fab) (width 0.15))
  (pad 4 thru_hole circle (at -15.24 0) (size 3 3) (drill 1.6) (layers *.Cu *.Mask))
  (pad 1 thru_hole rect (at 0 0) (size 3 3) (drill 1.6) (layers *.Cu *.Mask))
  (pad 2 thru_hole circle (at -5.08 0) (size 3 3) (drill 1.6) (layers *.Cu *.Mask))
  (pad 3 thru_hole circle (at -10.16 0) (size 3 3) (drill 1.6) (layers *.Cu *.Mask))
)
